Contents of this file were automatically generated by VIVAL tool.

Install with pip: pip install vival
Visit GitHub for more info: https://github.com/ViktorooReps/vival

TIMEOUT 
/{0.012}/

--------------------------------Tests--------------------------------

Test 1

INPUT 
/{1 1 4294967159
0 1 4294967150
0 0 4294967160
1 0 4294967158
0 0 4294967161
0 1 4294967150
0 0 4294967140
1 0 4294967158
1 1 4294967159
}/

OUTPUT 
/{0 0 54
0 1 33
1 0 69
1 1 37
}/



Test 2

INPUT 
/{565 806 1014988317
237 641 1180772279
787 94 3048204678
526 874 767594058
198 848 293706536
808 856 2982236305
560 820 1791000134
67 635 4292089468
347 289 1210647282
606 565 270165750
355 693 1860353777
560 557 1455807292
20 608 2224789086
387 450 842557863
0 0 4294967161
858 813 3420117593
852 369 4008577730
549 243 3251006213
229 394 623013503
62 443 927531435
143 124 2581188472
495 151 4138672306
732 885 322139899
}/

OUTPUT 
/{}/


Test 3

INPUT 
/{259 554 3797028400
521 396 337649591
563 379 1304488771
393 795 1371942013
582 490 782703686
798 238 214598322
297 863 1292442203
0 0 4294967161
296 216 714910143
467 220 3777275180
793 473 3283409132
251 340 1202812613
530 771 3397354701
210 320 3250472845
674 864 32791615
311 520 3829342698
864 818 1750107956
67 360 1476208007
303 343 1807791057
}/

OUTPUT 
/{}/

Test 4

INPUT 
/{973 12 1094914575
516 38 794095377
256 315 3688059539
44 143 1092210703
357 548 2187015608
81 181 1969632404
266 70 1186188798
102 59 212970693
344 815 2703320278
592 364 2578816830
993 227 156625974
0 0 4294967161
837 507 271189997
18 602 1654794010
534 153 1165258138
42 480 3647487798
848 77 2901991265
731 148 877322129
447 285 3723116712
572 997 982060811
}/

OUTPUT 
/{}/

Test 5

INPUT 
/{893 651 3740081423
685 347 767914135
0 0 4294967161
}/

OUTPUT 
/{}/

Test 6

INPUT 
/{63501 27 2002409142
24721 57 2607709621
36688 63 3637191165
55247 22 1164088143
899 39 2088034154
51085 88 2024627574
48079 87 124362760
26177 19 647710838
58478 81 726347409
9719 31 914012734
87807 46 3776465271
0 0 4294967161
73 80933 282195287
43 67745 1696769517
90 93772 359196147
86 99775 299163754
10 8067 4066681882
93 38116 2493989919
63 48211 34653161
49 36668 3294238643
66 29611 978130953
31 70656 362084836
41 84145 195232844
79 38269 1214074883
}/

OUTPUT 
/{9719 70656 307579045
36688 48211 297309150
}/



Test 7

INPUT 
/{457635 48 1433894473
281909 93 3370657247
217414 2 1466450849
509492 62 1505112494
850148 11 4265581162
663295 38 432291687
280353 10 3578870436
470887 1 29135298
323201 70 2792304072
342957 36 3724371754
0 0 4294967161
93 464169 1735675085
35 27336 1675572576
89 562399 2779751694
53 593990 2714189338
63 41658 3039594641
45 480481 1735505477
91 465869 3215188157
94 863883 2709670728
8 373680 3791956012
95 93815 2366961582
46 565899 1762963031
}/

OUTPUT 
/{281909 464169 2145104037
}/



Test 8

INPUT 
/{36 0 1689257031
94 1 1157923110
87 1 3439370959
88 0 3734178415
98 9 3064041604
28 4 1541652059
91 2 3427535313
72 3 1031525813
74 7 1594799881
33 0 1795176175
0 0 4294967161
7 37 574849762
5 51 909391029
1 25 3292172004
9 37 4261808557
0 53 3805039830
9 97 1145711448
7 34 4222138118
2 33 425300576
6 30 425489257
3 45 2549127350
7 22 3312044414
6 43 4274621174
}/

OUTPUT 
/{33 53 1145860000
36 53 2370180337
72 45 2549622008
74 22 4270968932
74 34 4148158994
74 37 853357809
87 25 728646313
88 53 8095218
91 33 2010536345
94 25 942867856
98 37 87412185
98 97 1911075876
}/



Test 9

INPUT 
/{41 0 1147449192
10 5 2476614660
90 0 1344138096
93 8 3345968321
84 2 3094894675
55 6 1381321528
78 1 1379065334
73 2 417044377
90 7 1001720243
0 0 4294967161
2 76 1105649504
9 35 1477670064
8 62 1152488808
7 51 3921975984
0 29 1220228585
5 38 207000473
2 32 3785933248
9 47 2314227629
6 7 3591076537
8 49 3416249801
7 1 3349178836
}/

OUTPUT 
/{10 38 302130164
41 29 3088788454
55 7 2118390281
73 32 3044498476
73 76 129930692
84 32 3191913371
84 76 2055449309
90 1 1967304189
90 29 2560556635
90 51 214961520
93 49 2318746432
93 62 2375406698
}/



Test 10

INPUT 
/{32 84 1596097232
98 31 1028286078
40 73 3738129445
74 76 1463964692
2 68 1626586861
75 0 1674842560
0 0 4294967161
24 68 2961904605
32 86 359514244
26 84 2162071837
84 94 485656142
80 77 562823676
38 69 2268401808
59 3 3157022040
39 12 4268036478
31 18 192086642
37 68 1447867380
13 49 3380567267
53 88 890115831
91 88 4192668814
}/

OUTPUT 
/{32 94 568162795
98 18 3331749122
}/


Test 11

INPUT 
/{3653 0 2129946233
1062 0 777614450
1241 0 2752239638
292 0 1007787396
5784 0 2116896870
7673 0 4119755764
7219 0 702390684
0 0 4294967161
0 8248 166754806
0 2863 1326191872
0 7124 3155874948
0 9102 1291284507
0 2404 3076551140
0 3565 2718776742
0 3462 4292348706
0 3426 2677579516
0 636 899454536
}/

OUTPUT 
/{292 636 703606670
292 2404 1686544044
292 2863 1477733578
292 3426 1114775716
292 3462 3352561025
292 3565 3136613859
292 7124 3313687933
292 8248 2532960396
292 9102 3140579355
1062 636 557650047
1062 2404 1861099351
1062 2863 2247713075
1062 3426 75102512
1062 3462 997077808
1062 3565 3849088913
1062 7124 2077155659
1062 8248 4056946130
1062 9102 2442674290
1241 636 1832575733
1241 2404 249601670
1241 2863 2584247444
1241 3426 2962132468
1241 3462 4247400152
1241 3565 3660497197
1241 7124 268503702
1241 8248 4076573871
1241 9102 2202776814
3653 636 1824512542
3653 2404 3558815803
3653 2863 3710949630
3653 3426 2339361009
3653 3462 1113846281
3653 3565 3056852072
3653 7124 1351442940
3653 8248 1864840654
3653 9102 1009487252
5784 636 814668579
5784 2404 388685882
5784 2863 560517571
5784 3426 4179646849
5784 3462 3819874691
5784 3565 4085046083
5784 7124 3051651325
5784 8248 2981472726
5784 9102 1109152350
7219 636 162880676
7219 2404 213934773
7219 2863 3065954056
7219 3426 2617977651
7219 3462 3849275878
7219 3565 3688707520
7219 7124 1390251902
7219 8248 3591114944
7219 9102 1104525359
7673 636 3082163922
7673 2404 1091664723
7673 2863 3349449622
7673 3426 2284719610
7673 3462 3356327937
7673 3565 3654723352
7673 7124 2300212049
7673 8248 525640591
7673 9102 860475375
}/



Test 12

INPUT 
/{0 59953 507680240
0 64437 2029360306
0 292 1007787396
0 13571 2718776742
0 99253 2052391876
0 41651 3153507609
0 35283 2479433242
0 24885 1211221970
0 48527 1501667636
0 20346 3050388597
0 59679 1041876627
0 52962 2958952941
0 41855 433106896
0 87682 3807434628
0 89905 3718469433
0 50325 1125265968
0 52524 419567771
0 5784 2116896870
0 47677 2025541986
0 30535 2814968309
0 84166 3916816288
0 92943 2075480287
0 90686 3624315582
0 42582 3821702224
0 71022 2505588126
0 61287 73857798
0 65593 1096766852
0 58005 3538294681
0 40484 1107836229
0 28227 3197721849
0 21637 1836455173
0 76634 3376713934
0 83127 3147943250
0 47913 2451913670
0 61809 1072529884
0 55537 2844093125
0 27425 1472590897
0 34767 1412408662
0 98206 3815254110
0 82539 3182678380
0 37874 1473454738
0 73773 1156493849
0 80150 2978555953
0 35285 1307802298
0 53671 3894994596
0 84766 3971356139
0 32605 3374860754
0 70591 1148268569
0 94957 1555617738
0 99125 1498218406
0 43667 314559595
0 71551 3709884234
0 19108 1291284507
0 3653 2129946233
0 49859 1537541319
0 98816 612650071
0 89612 907592118
0 72023 2876843451
0 7219 702390684
0 98108 1700193552
0 13468 4292348706
0 55860 127052755
0 65172 2973072969
0 21786 3842154756
0 88883 3594105542
0 17130 3155874948
0 63413 2218060217
0 23804 4061844765
0 71581 840405717
0 1062 777614450
0 24644 4006018290
0 23259 3786729445
0 65419 304390704
0 71761 4154711081
0 98632 1369332530
0 89134 535888095
0 18254 166754806
0 13432 2677579516
0 97746 3613722596
0 74431 2290493604
0 98759 756220013
0 97338 2287180376
0 31520 4064819196
0 89933 1962415577
0 51208 595577284
0 83473 2824519878
0 7673 4119755764
0 75901 11389838
0 45180 2067975999
0 66299 3235716780
0 10642 899454536
0 59106 4076691555
0 29665 3623234294
0 22579 2810895515
0 12410 3076551140
0 21259 210781742
0 44577 303766214
0 1241 2752239638
0 68434 581094552
0 74858 4164768735
0 61019 592621302
0 41359 3954454127
0 37855 3878555946
0 46538 398898669
0 12869 1326191872
0 97314 3054959391
0 36659 805356730
0 61665 533831831
0 0 4294967161
27415 0 582299999
28371 0 2682683465
94966 0 1755648955
73568 0 109674200
77295 0 4104905882
16367 0 1603789877
48312 0 504989273
94924 0 1457108377
99944 0 1072935888
31228 0 2803450326
91191 0 1873603040
75002 0 674082369
35411 0 3340600146
7473 0 1740513446
77456 0 1106447442
14647 0 1405297472
89108 0 3789585087
72666 0 579785487
28187 0 2356250144
37956 0 301416031
4675 0 4023839119
2797 0 3064943811
44734 0 3644650185
12438 0 2064550854
50162 0 1383483892
98769 0 231154506
70030 0 1447938243
46558 0 2601242423
12262 0 1793773459
82076 0 2050963058
33807 0 1252101695
71519 0 207874112
85966 0 1017520109
47076 0 148628463
89150 0 4036808339
24562 0 1444205966
91486 0 2512008795
33768 0 1715767409
66796 0 769100314
26573 0 40436288
90508 0 3961603583
45047 0 3466129279
90380 0 531641654
1944 0 1053808809
29308 0 1283142825
56476 0 407164970
3451 0 560911794
81430 0 4288188108
20151 0 2793942458
86359 0 1408883986
8854 0 2217066869
63205 0 2329262680
88443 0 2977879717
8394 0 2283587503
20914 0 1802560998
48861 0 1338855191
90227 0 2593444519
8342 0 2749789373
6194 0 598401181
29395 0 1470530581
6818 0 813420396
23254 0 348196660
81522 0 2432423194
31858 0 1043835365
21786 0 2700709588
10266 0 3640048726
15731 0 1818569366
59162 0 1596094041
33827 0 1792842055
85323 0 2979373402
52361 0 1460366662
62826 0 2191377891
7013 0 2485807616
82682 0 862682280
43865 0 161872013
87035 0 3855439768
24209 0 1401383890
8628 0 3621094148
96385 0 3786301783
86545 0 993580327
45719 0 130969995
76134 0 3799182185
91356 0 3187305048
74957 0 3451065060
66376 0 231582973
87056 0 1034092628
91076 0 2412149808
81474 0 3628136003
67550 0 636006309
89536 0 3685279416
36360 0 3291326389
74183 0 757225342
82085 0 2122904030
71437 0 4120119575
35687 0 3165724179
78942 0 2343090431
51445 0 3445177608
}/

OUTPUT 
/{0 0 685370910
}/



Test 13

INPUT 
/{59953 0 507680240
64437 0 2029360306
292 0 1007787396
13571 0 2718776742
99253 0 2052391876
41651 0 3153507609
35283 0 2479433242
24885 0 1211221970
48527 0 1501667636
20346 0 3050388597
59679 0 1041876627
52962 0 2958952941
41855 0 433106896
87682 0 3807434628
89905 0 3718469433
50325 0 1125265968
52524 0 419567771
5784 0 2116896870
47677 0 2025541986
30535 0 2814968309
84166 0 3916816288
92943 0 2075480287
90686 0 3624315582
42582 0 3821702224
71022 0 2505588126
61287 0 73857798
65593 0 1096766852
58005 0 3538294681
40484 0 1107836229
28227 0 3197721849
21637 0 1836455173
76634 0 3376713934
83127 0 3147943250
47913 0 2451913670
61809 0 1072529884
55537 0 2844093125
27425 0 1472590897
34767 0 1412408662
98206 0 3815254110
82539 0 3182678380
37874 0 1473454738
73773 0 1156493849
80150 0 2978555953
35285 0 1307802298
53671 0 3894994596
84766 0 3971356139
32605 0 3374860754
70591 0 1148268569
94957 0 1555617738
99125 0 1498218406
43667 0 314559595
71551 0 3709884234
19108 0 1291284507
3653 0 2129946233
49859 0 1537541319
98816 0 612650071
89612 0 907592118
72023 0 2876843451
7219 0 702390684
98108 0 1700193552
13468 0 4292348706
55860 0 127052755
65172 0 2973072969
21786 0 3842154756
88883 0 3594105542
17130 0 3155874948
63413 0 2218060217
23804 0 4061844765
71581 0 840405717
1062 0 777614450
24644 0 4006018290
23259 0 3786729445
65419 0 304390704
71761 0 4154711081
98632 0 1369332530
89134 0 535888095
18254 0 166754806
13432 0 2677579516
97746 0 3613722596
74431 0 2290493604
98759 0 756220013
97338 0 2287180376
31520 0 4064819196
89933 0 1962415577
51208 0 595577284
83473 0 2824519878
7673 0 4119755764
75901 0 11389838
45180 0 2067975999
66299 0 3235716780
10642 0 899454536
59106 0 4076691555
29665 0 3623234294
22579 0 2810895515
12410 0 3076551140
21259 0 210781742
44577 0 303766214
1241 0 2752239638
68434 0 581094552
74858 0 4164768735
61019 0 592621302
41359 0 3954454127
37855 0 3878555946
46538 0 398898669
12869 0 1326191872
97314 0 3054959391
36659 0 805356730
61665 0 533831831
0 0 4294967161
0 27415 582299999
0 28371 2682683465
0 94966 1755648955
0 73568 109674200
0 77295 4104905882
0 16367 1603789877
0 48312 504989273
0 94924 1457108377
0 99944 1072935888
0 31228 2803450326
0 91191 1873603040
0 75002 674082369
0 35411 3340600146
0 7473 1740513446
0 77456 1106447442
0 14647 1405297472
0 89108 3789585087
0 72666 579785487
0 28187 2356250144
0 37956 301416031
0 4675 4023839119
0 2797 3064943811
0 44734 3644650185
0 12438 2064550854
0 50162 1383483892
0 98769 231154506
0 70030 1447938243
0 46558 2601242423
0 12262 1793773459
0 82076 2050963058
0 33807 1252101695
0 71519 207874112
0 85966 1017520109
0 47076 148628463
0 89150 4036808339
0 24562 1444205966
0 91486 2512008795
0 33768 1715767409
0 66796 769100314
0 26573 40436288
0 90508 3961603583
0 45047 3466129279
0 90380 531641654
0 1944 1053808809
0 29308 1283142825
0 56476 407164970
0 3451 560911794
0 81430 4288188108
0 20151 2793942458
0 86359 1408883986
0 8854 2217066869
0 63205 2329262680
0 88443 2977879717
0 8394 2283587503
0 20914 1802560998
0 48861 1338855191
0 90227 2593444519
0 8342 2749789373
0 6194 598401181
0 29395 1470530581
0 6818 813420396
0 23254 348196660
0 81522 2432423194
0 31858 1043835365
0 21786 2700709588
0 10266 3640048726
0 15731 1818569366
0 59162 1596094041
0 33827 1792842055
0 85323 2979373402
0 52361 1460366662
0 62826 2191377891
0 7013 2485807616
0 82682 862682280
0 43865 161872013
0 87035 3855439768
0 24209 1401383890
0 8628 3621094148
0 96385 3786301783
0 86545 993580327
0 45719 130969995
0 76134 3799182185
0 91356 3187305048
0 74957 3451065060
0 66376 231582973
0 87056 1034092628
0 91076 2412149808
0 81474 3628136003
0 67550 636006309
0 89536 3685279416
0 36360 3291326389
0 74183 757225342
0 82085 2122904030
0 71437 4120119575
0 35687 3165724179
0 78942 2343090431
0 51445 3445177608
}/

OUTPUT 
/{292 1944 2683583986
292 2797 2839212428
292 3451 1108594432
292 4675 736892961
292 6194 1344215712
292 6818 67633927
292 7013 3360624323
292 7473 22289975
292 8342 752054293
292 8394 4085994470
292 8628 2477369494
292 8854 3924276700
292 10266 3006150968
292 12262 2582771032
292 12438 1231938456
292 14647 2446381460
292 15731 1423826038
292 16367 3638895069
292 20151 2664722186
292 20914 450942814
292 21786 612972420
292 23254 3720350575
292 24209 3587580966
292 24562 1190072527
292 26573 387930084
292 27415 3681759563
292 28187 3535497388
292 28371 965117310
292 29308 2428277878
292 29395 3670074040
292 31228 3670515032
292 31858 3740614489
292 33768 4127922628
292 33807 30277286
292 33827 1854089276
292 35411 1485734199
292 35687 3073712588
292 36360 4240208329
292 37956 2250588715
292 43865 2181082805
292 44734 2165961388
292 45047 2374602115
292 45719 3080212364
292 46558 104106913
292 47076 2880036242
292 48312 2918061669
292 48861 2479247493
292 50162 1571916561
292 51445 4073228379
292 52361 1390178016
292 56476 4020171107
292 59162 2916402593
292 62826 2639177611
292 63205 3610263645
292 66376 3207678681
292 66796 3266367168
292 67550 1182678990
292 70030 3942971664
292 71437 3415739166
292 71519 2645506782
292 72666 935599065
292 73568 2367359630
292 74183 1114718724
292 74957 133984116
292 75002 2188857679
292 76134 2160952413
292 77295 545129216
292 77456 1113946685
292 78942 3512378085
292 81430 1179001755
292 81474 691628266
292 81522 1659358214
292 82076 1123398252
292 82085 4209792342
292 82682 1926884796
292 85323 493451429
292 85966 1394966584
292 86359 3551917971
292 86545 60174593
292 87035 1293765908
292 87056 357153229
292 88443 847313093
292 89108 13264344
292 89150 757748414
292 89536 2029157947
292 90227 1001185459
292 90380 2212315169
292 90508 3403862168
292 91076 638404222
292 91191 2046786032
292 91356 3122326175
292 91486 3729497223
292 94924 4142971613
292 94966 1215699606
292 96385 390432487
292 98769 2678942206
292 99944 160187059
1062 1944 3602711994
1062 2797 3212454597
1062 3451 2487063630
1062 4675 4201461305
1062 6194 71161713
1062 6818 3602239942
1062 7013 845518770
1062 7473 1859895747
1062 8342 2605367709
1062 8394 2214741853
1062 8628 3158649330
1062 8854 3659262439
1062 10266 271127816
1062 12262 3422664620
1062 12438 1332337411
1062 14647 2037493410
1062 15731 937846649
1062 16367 1643687398
1062 20151 359265773
1062 20914 2206049204
1062 21786 3793562196
1062 23254 1429640252
1062 24209 3234500314
1062 24562 3228277591
1062 26573 720436110
1062 27415 459975412
1062 28187 3308211392
1062 28371 2725494360
1062 29308 3705118982
1062 29395 2343137284
1062 31228 649568270
1062 31858 354138470
1062 33768 423871388
1062 33807 1450213235
1062 33827 3410737733
1062 35411 1894944004
1062 35687 723567901
1062 36360 2604770250
1062 37956 2156063791
1062 43865 727764881
1062 44734 2663945461
1062 45047 460523733
1062 45719 931310588
1062 46558 518832882
1062 47076 2647835639
1062 48312 2330082851
1062 48861 3502868900
1062 50162 3213817293
1062 51445 609391455
1062 52361 3514681417
1062 56476 73672953
1062 59162 859036548
1062 62826 3059800872
1062 63205 2241775259
1062 66376 1129386819
1062 66796 605180902
1062 67550 2787425652
1062 70030 3235440423
1062 71437 763056129
1062 71519 919761597
1062 72666 2048826711
1062 73568 3214152615
1062 74183 116015375
1062 74957 3947577998
1062 75002 2951841487
1062 76134 1044088739
1062 77295 1509122076
1062 77456 3494086689
1062 78942 489422820
1062 81430 2799444915
1062 81474 159405774
1062 81522 1181941372
1062 82076 711729955
1062 82085 1971938704
1062 82682 160477835
1062 85323 445752721
1062 85966 3258545593
1062 86359 3107926843
1062 86545 3824546170
1062 87035 366060514
1062 87056 1719133287
1062 88443 3145156667
1062 89108 3705865858
1062 89150 1738274595
1062 89536 2561372708
1062 90227 1175634712
1062 90380 786526021
1062 90508 3987863683
1062 91076 2105820739
1062 91191 1299073686
1062 91356 4257331642
1062 91486 2564209452
1062 94924 1044080287
1062 94966 3660802116
1062 96385 2300579508
1062 98769 1076353244
1062 99944 3866024739
1241 1944 2444626002
1241 2797 4006567852
1241 3451 3870875072
1241 4675 2733012892
1241 6194 2256522163
1241 6818 495809944
1241 7013 615959403
1241 7473 598472650
1241 8342 54209022
1241 8394 2858750880
1241 8628 3550104406
1241 8854 577443832
1241 10266 1427427487
1241 12262 2280273102
1241 12438 1211089641
1241 14647 2859376241
1241 15731 976527808
1241 16367 1871360717
1241 20151 2613080702
1241 20914 86433918
1241 21786 3201142241
1241 23254 2819715460
1241 24209 3567258131
1241 24562 903853706
1241 26573 3089948139
1241 27415 2463534577
1241 28187 2481184120
1241 28371 2314809890
1241 29308 3868539855
1241 29395 3341851872
1241 31228 258629269
1241 31858 1465090170
1241 33768 1827400927
1241 33807 1792711689
1241 33827 2127557039
1241 35411 2031398178
1241 35687 3806998757
1241 36360 3579447239
1241 37956 3290919814
1241 43865 582188218
1241 44734 3015281128
1241 45047 1110035842
1241 45719 1809248485
1241 46558 3524333062
1241 47076 819767741
1241 48312 356722666
1241 48861 804238758
1241 50162 1069382188
1241 51445 351695855
1241 52361 324038167
1241 56476 2442498888
1241 59162 2157902645
1241 62826 1757173713
1241 63205 2412749330
1241 66376 3869199235
1241 66796 3789878432
1241 67550 2780681125
1241 70030 3263103528
1241 71437 521009550
1241 71519 2267661531
1241 72666 3582967475
1241 73568 2611163623
1241 74183 2511325846
1241 74957 670040438
1241 75002 3012064767
1241 76134 1406475094
1241 77295 947912958
1241 77456 369234477
1241 78942 3712504246
1241 81430 3785809363
1241 81474 4195859675
1241 81522 3220011412
1241 82076 2243127011
1241 82085 3401848879
1241 82682 2011666958
1241 85323 477874359
1241 85966 319799529
1241 86359 1919945474
1241 86545 849431363
1241 87035 3439076746
1241 87056 2080570486
1241 88443 771945411
1241 89108 3345326606
1241 89150 1462707341
1241 89536 1737917861
1241 90227 542668811
1241 90380 4239216066
1241 90508 2268123053
1241 91076 2142970766
1241 91191 3350790886
1241 91356 3251576834
1241 91486 914502179
1241 94924 1389669745
1241 94966 1217445111
1241 96385 3040980214
1241 98769 3371817093
1241 99944 3036733942
3653 1944 2631045759
3653 2797 3204956455
3653 3451 4269495359
3653 4675 3034883037
3653 6194 2697702354
3653 6818 3355798375
3653 7013 3049942370
3653 7473 3179896796
3653 8342 1904163971
3653 8394 3666152586
3653 8628 1606472218
3653 8854 160260081
3653 10266 1863763119
3653 12262 1069981851
3653 12438 3502863836
3653 14647 1477359596
3653 15731 1319978516
3653 16367 1276566329
3653 20151 2801360721
3653 20914 809056470
3653 21786 402517634
3653 23254 1045801298
3653 24209 1749630561
3653 24562 4015149484
3653 26573 1088653791
3653 27415 2105597154
3653 28187 3994885797
3653 28371 1875244552
3653 29308 2627655463
3653 29395 3966743081
3653 31228 3526352094
3653 31858 2141580985
3653 33768 220713989
3653 33807 3213535710
3653 33827 1665479458
3653 35411 2012441071
3653 35687 511618524
3653 36360 651172492
3653 37956 3893100880
3653 43865 2194679784
3653 44734 468777565
3653 45047 1681040738
3653 45719 2666422059
3653 46558 464940224
3653 47076 4288965173
3653 48312 529486281
3653 48861 404653524
3653 50162 1085008376
3653 51445 1827966280
3653 52361 271608531
3653 56476 4084803475
3653 59162 778734075
3653 62826 408980002
3653 63205 32956820
3653 66376 2087111190
3653 66796 4122901861
3653 67550 707755924
3653 70030 2928484286
3653 71437 1135392312
3653 71519 3292891719
3653 72666 3548492087
3653 73568 3406657486
3653 74183 970748902
3653 74957 2546903150
3653 75002 3336494388
3653 76134 413826955
3653 77295 3448766729
3653 77456 1546432907
3653 78942 2541854310
3653 81430 4064649018
3653 81474 1486556419
3653 81522 2972921074
3653 82076 4035048344
3653 82085 1108107485
3653 82682 337119352
3653 85323 349900958
3653 85966 3414187834
3653 86359 3329100826
3653 86545 2060274007
3653 87035 3570184236
3653 87056 3669835771
3653 88443 2765570137
3653 89108 1178306403
3653 89150 1597917003
3653 89536 135631951
3653 90227 3262753624
3653 90380 3295867772
3653 90508 3611676155
3653 91076 2711649968
3653 91191 200422916
3653 91356 3966324447
3653 91486 3078112833
3653 94924 3852281205
3653 94966 1911974960
3653 96385 3291742177
3653 98769 2216734303
3653 99944 3482720487
5784 1944 316619350
5784 2797 1972508135
5784 3451 1528957430
5784 4675 3356071957
5784 6194 1277060488
5784 6818 1538223315
5784 7013 460499650
5784 7473 922889005
5784 8342 1133599154
5784 8394 4028528002
5784 8628 619336834
5784 8854 904749090
5784 10266 2866595911
5784 12262 1155945361
5784 12438 552632661
5784 14647 3109439604
5784 15731 555593042
5784 16367 3668579880
5784 20151 2241709199
5784 20914 436963862
5784 21786 2649265774
5784 23254 977940321
5784 24209 1679347384
5784 24562 4128177785
5784 26573 68668224
5784 27415 1060086234
5784 28187 3078447500
5784 28371 2488061532
5784 29308 1888507470
5784 29395 391305078
5784 31228 62192295
5784 31858 823358126
5784 33768 877330844
5784 33807 2504799675
5784 33827 1223272990
5784 35411 3572844671
5784 35687 2913529981
5784 36360 2409303895
5784 37956 371967656
5784 43865 516822119
5784 44734 3298667681
5784 45047 2723254493
5784 45719 2467099799
5784 46558 3828628449
5784 47076 1613841840
5784 48312 1784961287
5784 48861 2164292304
5784 50162 2797275488
5784 51445 4105947831
5784 52361 778772445
5784 56476 40755050
5784 59162 4006141592
5784 62826 3765573975
5784 63205 2498337760
5784 66376 3716736328
5784 66796 3750535790
5784 67550 2089127810
5784 70030 4131728776
5784 71437 990104712
5784 71519 2496579765
5784 72666 1733726983
5784 73568 2506445628
5784 74183 3298423948
5784 74957 1404200432
5784 75002 3960303940
5784 76134 1997263664
5784 77295 1743956624
5784 77456 1290158771
5784 78942 1825330569
5784 81430 2949427140
5784 81474 3894709426
5784 81522 2296088823
5784 82076 4037883554
5784 82085 2584858917
5784 82682 2933052753
5784 85323 2819265198
5784 85966 3914523470
5784 86359 1200276508
5784 86545 2734646013
5784 87035 1088512402
5784 87056 3540406682
5784 88443 2016763253
5784 89108 1829844087
5784 89150 745511107
5784 89536 1013047537
5784 90227 3649431428
5784 90380 1512655772
5784 90508 2693155153
5784 91076 4010721879
5784 91191 2210811429
5784 91356 2181611905
5784 91486 1243656863
5784 94924 2728273674
5784 94966 3558669309
5784 96385 2376617077
5784 98769 3020532340
5784 99944 2692887755
7219 1944 2207015447
7219 2797 3216875538
7219 3451 4072147739
7219 4675 2254660632
7219 6194 1398855624
7219 6818 4085829215
7219 7013 1068017339
7219 7473 2182551517
7219 8342 4270504018
7219 8394 826033976
7219 8628 688949847
7219 8854 1781443097
7219 10266 1964469204
7219 12262 3372473969
7219 12438 528521173
7219 14647 2879037198
7219 15731 3490212282
7219 16367 2219771431
7219 20151 3220292687
7219 20914 184221867
7219 21786 769404571
7219 23254 1313654947
7219 24209 4223550330
7219 24562 353353713
7219 26573 3906844600
7219 27415 4005424413
7219 28187 13686871
7219 28371 2707573677
7219 29308 916327346
7219 29395 348663976
7219 31228 984522660
7219 31858 2702362869
7219 33768 536059168
7219 33807 1744364953
7219 33827 3277797153
7219 35411 2438693090
7219 35687 2803781342
7219 36360 4055085198
7219 37956 210449365
7219 43865 1043350574
7219 44734 980684406
7219 45047 4238523389
7219 45719 2341308039
7219 46558 4178337581
7219 47076 2151735199
7219 48312 963159596
7219 48861 2542508717
7219 50162 2899108989
7219 51445 4014472181
7219 52361 1205541648
7219 56476 2213877183
7219 59162 1167862089
7219 62826 1161985431
7219 63205 4086064614
7219 66376 3477651458
7219 66796 3552151508
7219 67550 3282264106
7219 70030 2137168772
7219 71437 1972496655
7219 71519 851312995
7219 72666 2007830303
7219 73568 492435612
7219 74183 3022924270
7219 74957 2284913846
7219 75002 2224398500
7219 76134 3593379980
7219 77295 1346037541
7219 77456 2141647638
7219 78942 3450068694
7219 81430 2950025822
7219 81474 2611782296
7219 81522 1557346837
7219 82076 219764351
7219 82085 2144194031
7219 82682 3811072637
7219 85323 1459583002
7219 85966 786740671
7219 86359 1221797122
7219 86545 836097409
7219 87035 4109176375
7219 87056 534259349
7219 88443 4134005737
7219 89108 3669229999
7219 89150 3716645391
7219 89536 2859473824
7219 90227 3105945139
7219 90380 1913637881
7219 90508 1923112688
7219 91076 3166058644
7219 91191 878454876
7219 91356 2310491404
7219 91486 3268936485
7219 94924 2607332202
7219 94966 2545893321
7219 96385 2669153208
7219 98769 597421300
7219 99944 1259336517
7673 1944 1805708239
7673 2797 1750985260
7673 3451 3932100186
7673 4675 2497260319
7673 6194 4220372151
7673 6818 2732182455
7673 7013 1471934855
7673 7473 2934396980
7673 8342 2071405512
7673 8394 2802000631
7673 8628 4204523913
7673 8854 939069527
7673 10266 3701038731
7673 12262 2702476739
7673 12438 2345669335
7673 14647 3288846302
7673 15731 3984195439
7673 16367 3228895332
7673 20151 3281859094
7673 20914 2725838680
7673 21786 3760599728
7673 23254 1017842598
7673 24209 3066185223
7673 24562 4096040400
7673 26573 2009402366
7673 27415 4286945004
7673 28187 2009938116
7673 28371 247706150
7673 29308 3124639233
7673 29395 1055568306
7673 31228 1064857407
7673 31858 3932790725
7673 33768 4118482525
7673 33807 3010751933
7673 33827 3726238771
7673 35411 4289788311
7673 35687 1107780337
7673 36360 1713969257
7673 37956 2227287555
7673 43865 2704665661
7673 44734 1107070462
7673 45047 1227161698
7673 45719 2521557572
7673 46558 1957411991
7673 47076 3168167346
7673 48312 3757064927
7673 48861 4097339774
7673 50162 2916855526
7673 51445 4210509131
7673 52361 383686236
7673 56476 2506909196
7673 59162 760309435
7673 62826 1631271462
7673 63205 3542699662
7673 66376 183354010
7673 66796 3983092950
7673 67550 1906311020
7673 70030 1148944647
7673 71437 2010273368
7673 71519 667093754
7673 72666 2010830049
7673 73568 2907712954
7673 74183 1999909799
7673 74957 3553679023
7673 75002 1847735017
7673 76134 2841544571
7673 77295 3175398093
7673 77456 1309091669
7673 78942 2063240132
7673 81430 2768026813
7673 81474 1873875787
7673 81522 2620202394
7673 82076 112933598
7673 82085 121312836
7673 82682 2533845005
7673 85323 2633413384
7673 85966 3552286637
7673 86359 1805872154
7673 86545 1141409237
7673 87035 4241601925
7673 87056 3500057703
7673 88443 3739952955
7673 89108 1196067367
7673 89150 2798798893
7673 89536 2990425688
7673 90227 3017403847
7673 90380 383753462
7673 90508 1541914558
7673 91076 4082480552
7673 91191 479594936
7673 91356 2975919007
7673 91486 665807218
7673 94924 2015320261
7673 94966 3846858874
7673 96385 1280171554
7673 98769 753985290
7673 99944 844941117
10642 1944 1731318247
10642 2797 1336000210
10642 3451 470802948
10642 4675 3424646322
10642 6194 2025410491
10642 6818 1256428281
10642 7013 2062686291
10642 7473 1287648672
10642 8342 2133050589
10642 8394 383819417
10642 8628 1329873873
10642 8854 4266677944
10642 10266 538660562
10642 12262 1660684017
10642 12438 3819853777
10642 14647 3768913894
10642 15731 3176540716
10642 16367 2052269218
10642 20151 1687642184
10642 20914 4062827070
10642 21786 874243866
10642 23254 1202086532
10642 24209 1052686966
10642 24562 1966196038
10642 26573 402526617
10642 27415 2215100898
10642 28187 3801779621
10642 28371 4196795700
10642 29308 968937319
10642 29395 3155048202
10642 31228 2890076409
10642 31858 3971963108
10642 33768 3227439970
10642 33807 2652960611
10642 33827 927624328
10642 35411 1217322899
10642 35687 4071305695
10642 36360 1119273326
10642 37956 2498101535
10642 43865 2919431677
10642 44734 1553402546
10642 45047 3298562363
10642 45719 4244565588
10642 46558 1320063418
10642 47076 2961141869
10642 48312 169530339
10642 48861 2201919619
10642 50162 816001146
10642 51445 2437791178
10642 52361 3738033592
10642 56476 1136497034
10642 59162 4293224509
10642 62826 812121536
10642 63205 1644681447
10642 66376 3063951727
10642 66796 3379209947
10642 67550 1638453731
10642 70030 390942334
10642 71437 988364028
10642 71519 729434034
10642 72666 4043152617
10642 73568 594472565
10642 74183 867842898
10642 74957 903649856
10642 75002 628725220
10642 76134 962249244
10642 77295 3178145401
10642 77456 3121434842
10642 78942 380011607
10642 81430 3238691106
10642 81474 3024447004
10642 81522 2524694416
10642 82076 3007934925
10642 82085 652363636
10642 82682 3714101333
10642 85323 806962991
10642 85966 2642477808
10642 86359 3169685908
10642 86545 1978958419
10642 87035 748542876
10642 87056 1036894045
10642 88443 3441023080
10642 89108 1482905346
10642 89150 1883474700
10642 89536 2969361245
10642 90227 2958504636
10642 90380 1132930878
10642 90508 1855166748
10642 91076 983555424
10642 91191 4084103356
10642 91356 694348360
10642 91486 3082544609
10642 94924 3947445504
10642 94966 1936718889
10642 96385 3867204714
10642 98769 3880631945
10642 99944 2058328347
12410 1944 2016554497
12410 2797 1221271514
12410 3451 3034008122
12410 4675 3761854354
12410 6194 542686916
12410 6818 567376280
12410 7013 1720797872
12410 7473 1781385967
12410 8342 2117751813
12410 8394 1389507554
12410 8628 4264727161
12410 8854 1977980349
12410 10266 873956504
12410 12262 772588939
12410 12438 1959811180
12410 14647 1482776533
12410 15731 1446910829
12410 16367 3254889346
12410 20151 1900640578
12410 20914 3155811910
12410 21786 1887262479
12410 23254 1780615809
12410 24209 1164686852
12410 24562 4166817460
12410 26573 9869424
12410 27415 1830811961
12410 28187 1787696885
12410 28371 3641857049
12410 29308 4064883169
12410 29395 931219352
12410 31228 3249354346
12410 31858 3842477589
12410 33768 3895490635
12410 33807 1498481448
12410 33827 630097198
12410 35411 1895192895
12410 35687 1596105704
12410 36360 1099160626
12410 37956 951203034
12410 43865 2137794844
12410 44734 726566308
12410 45047 621599743
12410 45719 4160888636
12410 46558 3824693322
12410 47076 2663536843
12410 48312 1914769425
12410 48861 4050810623
12410 50162 4123653377
12410 51445 1948768608
12410 52361 1998197784
12410 56476 1096360860
12410 59162 3776054312
12410 62826 3387709600
12410 63205 944477221
12410 66376 87903609
12410 66796 2830461238
12410 67550 2609410584
12410 70030 2060635672
12410 71437 2911401180
12410 71519 2829759772
12410 72666 3201586905
12410 73568 4103709802
12410 74183 1225470383
12410 74957 67091935
12410 75002 4015373636
12410 76134 1221884336
12410 77295 85721282
12410 77456 723614013
12410 78942 1173476370
12410 81430 3895483081
12410 81474 888847271
12410 81522 2372338316
12410 82076 3719076568
12410 82085 1446754901
12410 82682 2167427634
12410 85323 572348976
12410 85966 2765380452
12410 86359 2458956418
12410 86545 54504846
12410 87035 2650882103
12410 87056 1279229801
12410 88443 2396710026
12410 89108 630978005
12410 89150 4073782782
12410 89536 921653264
12410 90227 563175800
12410 90380 2265163494
12410 90508 3095958267
12410 91076 3674855655
12410 91191 3431586841
12410 91356 1213791215
12410 91486 2315058344
12410 94924 3122090444
12410 94966 2873620749
12410 96385 3923358447
12410 98769 2181721027
12410 99944 3451703176
12869 1944 2516778509
12869 2797 1196578134
12869 3451 2072446161
12869 4675 3264557903
12869 6194 3449154403
12869 6818 438222014
12869 7013 2466057118
12869 7473 1056596208
12869 8342 1671408032
12869 8394 3815742088
12869 8628 150765304
12869 8854 3387785916
12869 10266 4020275282
12869 12262 3284438858
12869 12438 3797962724
12869 14647 210136357
12869 15731 1006342888
12869 16367 335823646
12869 20151 3562836686
12869 20914 2186464466
12869 21786 3437605516
12869 23254 4191314732
12869 24209 2442730922
12869 24562 2390431474
12869 26573 3701950896
12869 27415 625768111
12869 28187 1474619966
12869 28371 2087094852
12869 29308 777908975
12869 29395 2592622889
12869 31228 1743944240
12869 31858 1412770882
12869 33768 2324036579
12869 33807 2208243957
12869 33827 2540692687
12869 35411 1304359570
12869 35687 2264700738
12869 36360 1743902404
12869 37956 1920563518
12869 43865 1496345201
12869 44734 3354052900
12869 45047 2594119057
12869 45719 1815977092
12869 46558 3870189360
12869 47076 3945772960
12869 48312 3253105660
12869 48861 2753400928
12869 50162 3840958274
12869 51445 374916082
12869 52361 3585370277
12869 56476 2975475088
12869 59162 1418865920
12869 62826 2308880334
12869 63205 130008576
12869 66376 1299329062
12869 66796 2759369102
12869 67550 1767952818
12869 70030 87058212
12869 71437 2814628557
12869 71519 3649722528
12869 72666 3717235394
12869 73568 4060574688
12869 74183 645962209
12869 74957 1842649750
12869 75002 2217633444
12869 76134 3166964800
12869 77295 773632716
12869 77456 2398444547
12869 78942 4057123782
12869 81430 3352159848
12869 81474 3269704294
12869 81522 1197100635
12869 82076 3534600466
12869 82085 2933692572
12869 82682 3767162311
12869 85323 2266137956
12869 85966 585214225
12869 86359 377874208
12869 86545 1425814362
12869 87035 1184844305
12869 87056 1481328602
12869 88443 1228904573
12869 89108 3820338558
12869 89150 382191211
12869 89536 940845034
12869 90227 3386286414
12869 90380 3318951700
12869 90508 650683842
12869 91076 1404564501
12869 91191 1960938382
12869 91356 2652441806
12869 91486 1226710695
12869 94924 3127819764
12869 94966 914505302
12869 96385 1989661202
12869 98769 296876299
12869 99944 89602533
13432 1944 1577738956
13432 2797 2329030013
13432 3451 3195488146
13432 4675 318662712
13432 6194 753359147
13432 6818 1350579813
13432 7013 2904142095
13432 7473 252772990
13432 8342 676146278
13432 8394 3220873972
13432 8628 2020748586
13432 8854 1557540693
13432 10266 1816978202
13432 12262 3723006164
13432 12438 2296158361
13432 14647 460494894
13432 15731 967913207
13432 16367 2955533707
13432 20151 1717652308
13432 20914 504025777
13432 21786 3785900185
13432 23254 3137537300
13432 24209 3061990958
13432 24562 3815307085
13432 26573 261779513
13432 27415 3109110636
13432 28187 4287234237
13432 28371 3187068329
13432 29308 3018994568
13432 29395 1438544465
13432 31228 65829576
13432 31858 687300722
13432 33768 3369293377
13432 33807 1280678789
13432 33827 2493257638
13432 35411 2495424049
13432 35687 3219323024
13432 36360 3350211490
13432 37956 961661836
13432 43865 1099268160
13432 44734 3747787913
13432 45047 3261942621
13432 45719 1775544448
13432 46558 338422281
13432 47076 530591168
13432 48312 1394863592
13432 48861 3219032557
13432 50162 3206712333
13432 51445 4006727330
13432 52361 3055263398
13432 56476 3399772924
13432 59162 3179863369
13432 62826 1613258374
13432 63205 2219204447
13432 66376 3928740374
13432 66796 1593772041
13432 67550 686489549
13432 70030 2797870471
13432 71437 2254162998
13432 71519 2491044977
13432 72666 691659527
13432 73568 3926850308
13432 74183 2872243775
13432 74957 1969673831
13432 75002 3382418034
13432 76134 1177149934
13432 77295 3251184570
13432 77456 3657082552
13432 78942 3198803311
13432 81430 1189647267
13432 81474 3843275555
13432 81522 2096910037
13432 82076 2886805804
13432 82085 727036409
13432 82682 941124626
13432 85323 1043353494
13432 85966 1397369151
13432 86359 3970889125
13432 86545 2682691400
13432 87035 3910138995
13432 87056 3892395153
13432 88443 1219418751
13432 89108 2841992094
13432 89150 2962458288
13432 89536 4109162129
13432 90227 2727101607
13432 90380 2135932132
13432 90508 2341140415
13432 91076 3639938668
13432 91191 1516503156
13432 91356 3512141267
13432 91486 1430182932
13432 94924 1136506706
13432 94966 668233936
13432 96385 3459101876
13432 98769 3914436078
13432 99944 1454596987
13468 1944 2247220287
13468 2797 3571594799
13468 3451 1858685934
13468 4675 4275304776
13468 6194 3355280665
13468 6818 3871869008
13468 7013 106703449
13468 7473 2238765746
13468 8342 3475102193
13468 8394 3641212140
13468 8628 506534124
13468 8854 2534698255
13468 10266 1437509650
13468 12262 875143501
13468 12438 4220190978
13468 14647 628173829
13468 15731 927052653
13468 16367 4058893647
13468 20151 2534958316
13468 20914 3533759894
13468 21786 2676142926
13468 23254 2638543941
13468 24209 374883493
13468 24562 1403543140
13468 26573 3224925093
13468 27415 4178142099
13468 28187 2535837624
13468 28371 1578943501
13468 29308 2279970222
13468 29395 1511740204
13468 31228 240119532
13468 31858 3861190427
13468 33768 453520574
13468 33807 4123469608
13468 33827 173256873
13468 35411 569174229
13468 35687 1790442360
13468 36360 871043224
13468 37956 3147020416
13468 43865 2842417692
13468 44734 107070410
13468 45047 2020056044
13468 45719 1204646642
13468 46558 1868062800
13468 47076 2917275028
13468 48312 4147991016
13468 48861 516279057
13468 50162 4032485751
13468 51445 3412196896
13468 52361 3659735793
13468 56476 841820841
13468 59162 3273227615
13468 62826 191911663
13468 63205 2901185811
13468 66376 3934993392
13468 66796 3999492098
13468 67550 2436976511
13468 70030 3949429541
13468 71437 4216305674
13468 71519 770310892
13468 72666 4130003246
13468 73568 1726892104
13468 74183 2517054718
13468 74957 2021211065
13468 75002 1059997504
13468 76134 2465182542
13468 77295 471424553
13468 77456 146611923
13468 78942 2130608336
13468 81430 3840913863
13468 81474 20122272
13468 81522 812189553
13468 82076 3744604434
13468 82085 2511480473
13468 82682 299178940
13468 85323 1695070685
13468 85966 721708823
13468 86359 2595839066
13468 86545 917870838
13468 87035 3299376255
13468 87056 2674665422
13468 88443 126943689
13468 89108 2181567121
13468 89150 966724542
13468 89536 630590275
13468 90227 2054897726
13468 90380 714131589
13468 90508 1286731833
13468 91076 4261985384
13468 91191 2466384855
13468 91356 2139042242
13468 91486 1303974818
13468 94924 1232636561
13468 94966 251541698
13468 96385 841086119
13468 98769 575155695
13468 99944 2463641763
13571 1944 733127080
13571 2797 3967590229
13571 3451 3186099857
13571 4675 624574514
13571 6194 2186617203
13571 6818 7659399
13571 7013 109891901
13571 7473 3909596582
13571 8342 1866731100
13571 8394 1877104491
13571 8628 275012262
13571 8854 2842793393
13571 10266 3830333935
13571 12262 2298613624
13571 12438 3151678401
13571 14647 272668025
13571 15731 2843535248
13571 16367 934096833
13571 20151 217421264
13571 20914 2822766522
13571 21786 4262126889
13571 23254 285814365
13571 24209 2924297336
13571 24562 953961050
13571 26573 14182497
13571 27415 3826926722
13571 28187 269592003
13571 28371 2992100101
13571 29308 434170821
